delaunay剖分:
328.0000000000017
498.99000000000007
576.185
647.5049999999991
691.0499999999988
695.0399999999997
696.0050000000007
740.5199999999976
830.9949999999999
993.4600000000011
1044.5100000000002
1111.0249999999842
1254.0800000000002
1277.4549999999995
1299.525
1356.0449999999996
1385.110000000001
1590.5049999999994
1623.2999999999997
1662.5649999999998
1663.4700000000007
1808.5349999999996
1811.9200000000008
2149.4050000000007
2513.99
2529.5249999999987
3101.839999999999
3124.0499999999965
3456.9749999999995
3652.000000000002
3823.5249999999987
3893.4749999999976
4004.499999999997
4194.830000000004
5688.560000000001凸包面积: 69099.46
Voronoi图面积排序:
1: 2299.310032966867
2: 2366.596957290538
3: 3123.973372061153
4: 3962.868110024021
5: 4547.201817682819
6: 4614.554154180025
7: 4679.5109398383465
8: 6246.286019344396
9: 6960.242418639005
10: 7045.395744271656
11: 7577.408909722755
12: 7691.465885171365
13: 30427.63327697158
14: 40134.17099670771